Common instances: 400
Excluded because at least one solver timed out: 61
Included in averages: 339

===== BASIC SUMMARY =====

    n     k   runs  timeouts  included     time_avg    nodes_avg     fail_avg     prop_avg   nogood_len_avg      sap_avg   sap_prune_avg   sap_conf_avg
-------------------------------------------------------------------------------------------------------------------------------------------------------
   20     3     20         0        20       0.0012        33.60        21.90      3487.60             3.59         0.00            0.00           0.00
   20     4     20         0        20       0.0021        83.00        48.75      6897.45             5.62         0.00            0.00           0.00
   20     5     20         0        20       0.0141       362.45       295.45     38929.90             7.65         0.00            0.00           0.00
   20     7     20         0        20       0.2888      2382.50      2341.90    262164.35             8.85         0.00            0.00           0.00
   20    10     20         0        20       0.3115      2322.30      2265.65    217120.35            10.29         0.00            0.00           0.00
   30     3     20         0        20       0.0020        57.60        25.40      7825.45             3.53         0.00            0.00           0.00
   30     4     20         0        20       0.0362       662.30       518.35    118161.70             8.39         0.00            0.00           0.00
   30     5     20         0        20       5.9750     50032.60     46611.85   8651958.55            12.59         0.00            0.00           0.00
   30     7     20         3        17       1.8576     14127.76     12635.88   2222860.41            17.60         0.00            0.00           0.00
   30    10     20         1        19       0.0458       648.63       518.47     86410.58            12.42         0.00            0.00           0.00
   50     3     20         0        20       0.0294       272.55       165.35    116625.70             6.06         0.00            0.00           0.00
   50     4     20         1        19       1.7601      5689.89      4378.05   2237672.53            14.25         0.00            0.00           0.00
   50     5     20         1        19       4.3245     20476.84     15857.00   7140525.89            17.49         0.00            0.00           0.00
   50     7     20         4        16       1.7779      9326.62      7122.25   2629708.56            25.42         0.00            0.00           0.00
   50    10     20         3        17       2.5983     11016.88      8818.41   2776293.53            24.77         0.00            0.00           0.00
  100     3     20         0        20       0.2970      1454.25       655.50   1364800.95             8.40         0.00            0.00           0.00
  100     4     20         7        12      58.2300     86554.42     58103.25  67921841.08            21.19         0.00            0.00           0.00
  100     5     20        12         8     161.6255    269385.12    181341.88 172116984.38            38.17         0.00            0.00           0.00
  100     7     20        13         5     123.7760    173365.20    115753.60  94761455.80            49.38         0.00            0.00           0.00
  100    10     20        12         7     162.9190    173693.57    112340.29  70516815.00            33.22         0.00            0.00           0.00

sum time: 4110.8973
sum nodes: 7515854.63

===== ARTICULATION SUMMARY =====

    n     k   runs  timeouts  included     time_avg    nodes_avg     fail_avg     prop_avg   nogood_len_avg      sap_avg   sap_prune_avg   sap_conf_avg
-------------------------------------------------------------------------------------------------------------------------------------------------------
   20     3     20         0        20       0.0018         3.75         0.75       622.75             0.85       126.60           31.65           0.20
   20     4     20         0        20       0.0046         6.55         0.35       598.60             2.45       158.35           27.85           0.10
   20     5     20         0        20       0.0079         9.15         0.45       597.30             1.90       202.40           24.45           0.30
   20     7     20         0        20       0.0125        10.85         0.10       593.75             0.95       195.75           21.30           0.05
   20    10     20         0        20       0.0211        14.20         0.35       609.75             1.77       228.15           13.45           0.15
   30     3     20         0        20       0.0043         5.00         0.55      1352.70             1.10       243.90           45.70           0.15
   30     4     20         0        20       0.0188        10.75         1.50      1500.70             4.55       389.80           50.45           0.55
   30     5     20         0        20       0.0289        13.45         1.75      1504.35             6.65       431.80           48.95           0.95
   30     7     20         0        17       0.0584        18.41         1.88      1457.94             7.79       539.29           47.35           1.59
   30    10     20         0        19       0.0877        21.58         0.63      1406.95             6.18       515.74           21.05           0.16
   50     3     20         0        20       0.0820        13.55         6.25      6717.40             3.24      1132.35          134.55           2.00
   50     4     20         0        19       0.3365        42.32        27.11     12660.79             9.45      3460.89          271.58          14.00
   50     5     20         0        19       0.7361        69.11        48.53     15758.32            11.76      5395.63          295.79          39.21
   50     7     20         0        16       0.3692        34.69         7.56      5361.88            17.99      1808.31           90.81           2.44
   50    10     20         0        17       0.5519        35.71         2.29      4129.82            18.22      1480.53           52.00           1.12
  100     3     20         0        20       2.5649       107.55        89.40     93432.00            13.23     19305.45          662.40          16.65
  100     4     20         4        12       5.2582       158.42       120.67    105486.17            37.90     30421.67         1070.58          71.67
  100     5     20         3         8      36.9147       334.88       283.38     97098.50            35.37     57253.38         1150.88         240.88
  100     7     20         4         5       5.3198        69.00        15.60     25421.00            40.27      7121.80          451.20           5.00
  100    10     20         2         7       7.9513        86.86        17.14     18738.29            47.58      8295.71           92.43          14.86

sum time: 533.9381
sum nodes: 13431.37